15105001111111

511115511 Qod 1111111111 ffaria 11111111, 0511 011 ,1111111 11111111·
111111111111111011111110 1111110 (11111111... ὃ 111 1111111011(-
5stf11m5qignorer‚q›ea & 10 ,(1,1(1(11’, 111( 511111111 ,(111
11111110101111111111111111110,1-111111111’1111111111 cu 11111
111111111111111111111111 111 111111 1111111111( 11111(-
(1111101111-(11111111 10101111μὲ111 (111 ,11111101ςῖ
10111 1,(1110111101111 11115 11111111- (1 11111111 11111111, 1111111111
1118111811(1101111111111111,111 75 ,111 1111511115 (911111
5155, 8111111111 (8111111111. {115 (11 11111811 111( 5555
111101111”(1111111111”1 1011111111 1111111111, (11111 (11181111
1111110111111111111111111 cogni ,111111 1515 ,1111111111111111
1165Qi15111151511115115155511151115111151131555m151fflz153155110
15515153 11. 111111 1511}- 1611111111, 1111111111 1111111111( 111
11011 61111111110111111111 1111111111( 11111” ,((1. 1 711111
(11111081111111111111111111111( 111141. 111( 111111(
(1111111111 111110101111, 1111111 ((11 (1111111111 1111111111(
tepo11b⁹ 111111 &55515151'111 ((11 ,1111101111 (11111111 1111(
8111(ὂ(111111.111(ἐ (1)-..11011111 0515015151571515111111 (11 15
110111 111111111111191111 1111 (1,,111 11111111.- ’1 8111111,

111505111111q5muner5f5g51151.1521'1111171'11511 1-1( 111111-
511111111111110111161111111181(1.,(111101 ,1111111Ν 1-1 51·
(1111111 11111111110011 (111111 1111111111( (1111111 511. ,111
111111111011111111111111101111011111111 (11111111 5111411
resve 11111 1111111111( 0111111 (11111 W 1011111111111-(1
1108111011( (11119 prode 11 8111( 1111110111( 1111 (11111111
(11110118111111110111111118 11(1”1111.ὦ10>,(1111 111111111ιέ
..1)11111, 1111111ος 8( 1111111111( (11 (1111181 111( 1111111111.
1111111111(1.10111111111011110111 1111111( 111( ἒ( 1553115 (1
&3155 0111111111 5g11.1111C6·- 1111111· w'vtvv» (Ὑψίωνι
(1110111 1115pest1b111110111s επ(1α1111111111(1,111( 1
&0p511s 151511sq,10 5511 8111111111( (1111111101 ((11
10 11111111 1111(1’111(1,1)11111(1; 1111111111( 1111 ((111 (11 11110111
(116111118111119 111111 1, 151117111515211511511111
(11111615111111111 1111111013 1110- 11, 133} 5551511 51⁶ 115115151⁹
51115101>p511115101l<1511111 55:1121151'1115111111151135

3 {Z .. 111

 

